1 3.337860107421875e-05
2 0.0016021728515625
3 0.004813671112060547
4 0.011214256286621094
5 0.023614883422851562
6 0.02536606788635254
7 0.037168264389038086
8 0.04145312309265137
9 0.0680379867553711
10 0.06390595436096191
11 0.0771784782409668
12 0.08441901206970215
13 0.09449219703674316
14 0.10534310340881348
15 0.13881921768188477
16 0.12701201438903809
17 0.1403822898864746
18 0.15714120864868164
19 0.16830778121948242
20 0.18090605735778809
21 0.1972646713256836
22 0.21066641807556152
23 0.22563552856445312
24 0.24066400527954102
25 0.25446534156799316
26 0.2716691493988037
27 0.2869703769683838
28 0.31116271018981934
29 0.3150014877319336
30 0.33655476570129395
31 0.3543374538421631
32 0.36536145210266113