1 0.0009546279907226562
2 0.0056188106536865234
3 0.011122703552246094
4 0.017966270446777344
5 0.0276486873626709
6 0.027964115142822266
7 0.034226417541503906
8 0.03936767578125
9 0.044356346130371094
10 0.05279827117919922
11 0.059963226318359375
12 0.061136722564697266
13 0.06822609901428223
14 0.07466244697570801
15 0.08160209655761719
16 0.08361196517944336
17 0.09658598899841309
18 0.09436225891113281
19 0.11058235168457031
20 0.12425088882446289
21 0.12633538246154785
22 0.13007283210754395
23 0.13203978538513184
24 0.140183687210083
25 0.14906716346740723
26 0.15706562995910645
27 0.1576230525970459
28 0.1615135669708252
29 0.16736197471618652
30 0.1815032958984375
31 0.20769119262695312
32 0.18307924270629883